0.05969230123544174
0.008747892112433943
0.0
0.0
0.022594439751865394
0.0
0.0005533376272155187
0.0570842548674965
0.0
0.0
0.008199498110129766
0.006171977722896297
0.0
0.0
0.0
0.0
0.00048580399025258185
0.0
0.0
0.15202738664122384
0.0005480354313702544
0.11117754231691976
0.0552537484332039
0.11406391289518637
0.08599249587671515
0.0
0.004582726265453925
0.0067392488699400165
0.006942094095654794
0.09483636620502556
0.016486235143763867
0.0
0.04597173480947148
0.0
0.023730873276869263
0.0
0.0
0.0
0.0
0.0
0.0
0.0
0.06897883401194499
0.022923341078229235
0.003479090716701473
0.022736828514594472
0.0
