3.776967347509874e-05
1.0430289941732277e-06
5.9762212101174475e-05
3.373068378061079e-07
2.0901335237793126e-09
3.3238450630473978e-06
7.673778179692274e-08
1.4218322886883004e-06
0.18258623907024218
88.47433969677014
0.5144618581859182
0.0015683118158633285
6.6716858518397184e-06
0.003384912803428981
6.398008463842586e-05
0.0
4.0135168429459544e-08
0.0
7.99430992611917e-09
4.083497790527239e-11
3.123589637482136e-12
0.0
0.00036437175111538414
2.061631332780813e-05
6.777378181959051e-07
2.9967665914845885e-05
1.625083807156193
0.002108277435403432
5.005006654563582e-06
7.224981468114181e-07
7.405717279766979e-09
8.436331011456847e-08
3.7782525616710755e-06
1.0554542184515631e-07
1.3926444197692534e-06
6.767734433045841e-07
2.7592914116246978e-05
2.0308109052553497e-10
9.886096728520211e-06
2.9748900952598475e-06
3.204086302610561e-05
5.082129401382563e-06
9.194332964364992
5.331491788780889e-08
4.5174897126140854e-10
0.0
0.0014544589062300873
