0.04355315578801205
0.031000241376270384
0.0
0.002296182544999016
0.03580180368925942
0.0
0.006936243291209134
0.03808339410155625
0.0
0.0
0.0
0.004813262891632945
0.0
0.0
0.0
0.0010829624641977018
0.0
0.0
0.0
0.09969915643390134
0.0018461829057817272
0.1053401623899428
0.07193848454480269
0.08671542659031951
0.19254255364019854
0.007189261209140448
0.0035376785997527343
0.0017648859770616884
0.012212527193458696
0.08220258711257769
0.02679268680901413
0.0
0.029731137341118763
0.0
0.02208361245676221
0.0
0.0
0.0
0.0
0.0011215555103905863
0.0
0.0
0.06325422526628506
0.021472982768750763
0.0
0.006987647103603754
0.0
0.0
