0.04471278132312438
0.030373549637997956
0.0
0.0031443727521200805
0.0351728433834728
0.0
0.012250420488779582
0.03691915506694638
0.0
0.0
0.0
0.004077275874598945
0.0
0.0
0.0
0.0014114686190762477
0.0
0.0
0.0
0.10243019951048646
0.002542502330162384
0.10699054983448787
0.06950080646510198
0.08794339548259415
0.1941354101842747
0.005440719253627496
0.002909561924660837
0.002313474095416017
0.005559393636103426
0.08356967622800919
0.02749066965872005
0.0
0.02963496889963189
0.0007227104358764939
0.021149329637869623
0.0
0.0
0.0
0.0
0.0014162440613372832
0.0
0.0
0.06102929476549484
0.019303462080754463
0.0
0.007855764369274458
0.0
0.0
