3.523405240743285e-05
7.85019039228127e-07
5.024549355238719e-05
3.461630614462494e-05
2.595492833226979e-10
3.679356231324159e-06
5.6058860235081945e-08
4.956849336290782e-07
0.18178074006239217
88.47327246574466
0.5177682496019174
0.0012870279988203461
6.565068568530682e-05
0.004265196589346203
0.00012334770771868788
0.0
0.0
0.0
1.3807737590379735e-08
0.0
0.0
8.424544016816928e-10
0.0007486578653732006
2.0900283391797703e-05
2.760907204895831e-06
4.303371071904983e-05
1.625285056531462
0.004229404426163533
4.237503616172079e-06
9.135867762953994e-07
1.3199343623449687e-08
4.956206100696812e-08
2.3086928316167733e-06
0.0009241805586499633
2.3212980081077325e-06
3.9908833485828684e-07
3.454083931580255e-05
1.1244550012970162e-10
1.2317988247218185e-05
0.00038695766246352935
3.285968910687421e-05
5.022856177835086e-06
9.18905817339242
7.996471710738592e-08
5.680514534052803e-09
8.602781743566644e-12
0.0005179993206369068
