0.08619501000827161
0.035970701771368144
0.006797506748608615
0.0016752340554008693
0.1045976817962369
0.04381525966571654
0.0
0.003376895398620521
0.06911766213834356
0.0010218606034760307
0.039457219662346034
0.0932862866647856
0.0
0.0
0.006721684599740529
0.009040360715995168
0.0
0.0
0.0
0.00012584957598010693
0.0014301304159181707
0.0
0.0
0.165279699746178
0.020001559519716085
0.029969097139358948
0.034964958252833876
0.003864634419320441
0.01813811210313831
0.0
0.0
0.0
0.0
0.0
0.0
0.0
0.09119618362305526
0.021686800369080585
0.00039882333798946993
0.014244976033614085
0.012067240347110328
0.0
0.0011051373883322615
0.08445343389947223
