0.045138340459590816
0.022374792038306106
0.0031246591491332853
0.0
0.07081304518150043
0.0
0.0
0.0005452631808531867
0.09447924829237002
0.14192915178269327
0.08873544643890244
0.020572357516136723
0.0
0.00018341145100588276
0.05210979824685549
0.0
0.0
0.0005969672638155281
0.0
0.0
0.0
0.0
0.0
0.0031544097206425118
0.0
0.0
0.13909521451264517
0.01742415853309915
0.008396619560848079
0.013851341555928187
0.003169983154429876
0.0011467770431126288
0.0
0.0
0.0
0.0
0.0
0.0
0.0
0.053360120048487954
0.012615710442897025
0.0
0.18870908824623903
0.0015951303356345871
0.0
0.0
0.016878965844872636
