2.0393598238277613
1.7129850485007867
0.0
1.2310223309824513
1.645051534165576
1.1114408991044504
1.7905191580253557
0.0
0.282104314898741
0.0
1.608801625814204
1.654717750761503
0.0
0.0
0.0
1.3021156150171835
0.0
0.0
0.0
0.0
0.0
0.14550394301858416
0.0
0.0
0.4394118643500554
0.0
1.238955026284679
0.319698818216425
0.0
0.0
0.1760928036348657
0.0
2.1274636978376946e-32
0.0
0.9360404393783194
0.8697610326171777
2.260670873399754
0.2055642550490061
0.5658445473947704
2.4469515164787285
0.0
4.746694318436552
0.0
9.917897554109587
3.5923992038949337
0.0
57.76039570263853
