0.0
1.5509103927352699
0.0
1.7578484545720052
5.534742279061604
0.16379967523504108
2.577099354253494
1.36279761983797
0.0
3.851946124049061
0.0
0.08688779085400983
0.0
4.647963528022285
0.0
0.0
0.0
0.0
0.0
2.1702791238446872
0.0
0.7880553258918996
0.0
1.5057958092949142
1.4067757239556145
0.0
0.09089580217485027
0.2062028448005851
0.7575539907930748
0.0
0.0
0.0
0.0
0.0
1.7436449584875202
0.3420364882215399
0.7682348489733692
0.2880248215218977
0.45928387088760403
2.1240080517831124
0.0
5.566588730549156
0.39186068466451246
8.41032247417743
2.688336930423651
0.0
48.758104300933816
