6.164170923853199
8.238609890174965
1.1769956708698606
2.821440783824167
3.3680955624953275
1.8459660509093285
1.9389851821570596
1.1198883145439078
7.685648789931339
7.788286982960864
9.172153401799951
0.7274663900791779
1.0159921484565044
2.6591237777039636
3.9717278586219833
0.38052075604568636
0.2200414880179163
0.7386058419925599
0.45507214898667026
0.704990806122081
0.1281634547418046
1.0300847129038802
0.38970212204052823
0.3737090049655165
2.2305930418111917
1.561017191214008
3.0570629889958614
0.7997987062276114
0.5916321747577492
0.41034049889169055
1.3186173040286377
0.5152515509665708
0.002517957417343987
0.15386495974129163
1.6390486216088607
0.9137893228650577
1.856639382680399
0.7201128798029017
0.7742866915643895
0.24567019629313055
1.1658178860153077
4.021572748345153
4.5205235277711
4.467795561206747
0.552599815365582
1.0898764043835854
3.2761285238475755
