0.0
0.46728333503701525
0.0
3.820357011575567
1.2842239800680735
1.8772974662782966
1.610065411067189
1.6977055252822566
0.7254997893076744
2.782337356891815
0.0
1.1074181799423208
0.0
1.2760923914515387
0.6369153171007926
0.0
0.0
0.0
0.3099567977907463
0.0
0.0
0.0
0.0
3.435528876198903
0.28461028539054023
4.1775964677286686
0.5189028827531184
0.3727426339048923
0.0
0.0
0.0
0.0
0.0
0.0
0.0
1.2567240930204235
0.450510689602163
0.586910841425773
2.678612405439336
0.9829272413932744
0.0
0.9430545739217308
0.0
11.977414268127871
12.7911101812233
0.0
41.94820199807677
