1.3311365321007425
3.8789422282777646
0.6974007254233966
2.84249393172551
1.5732790252752002
0.6183797236599399
0.999341237201175
0.39783350798304645
0.5020021219453853
3.153100291295076
0.0
0.5486406675374532
1.6625463506426374
4.085558084882309
2.4605261668108156
0.0
0.0
0.0
0.0
0.0
0.0
0.0
1.3228857064859858
0.0
0.18752107974554888
0.1577347420065524
0.08773183357833883
2.3450651485498275
1.1323350574559217
0.5343270285989052
0.0
0.0
0.0
0.0
0.0
1.1180723939632233
3.007252093622895
1.5593285422194405
0.19406695300103594
0.1301894356144168
0.0
1.9673217108041774
1.040125094868034
11.786438312541259
0.0
0.0
48.67842427218398
