4.860157419898756
7.023883005750724
1.5865352557499266
3.2680453023028377
2.0689028477259064
2.4039054718054094
1.5127253109170333
0.9946579826682477
11.7855340016598
8.355333633295162
7.768453091981689
1.2652774283501336
1.237225187639445
2.712145818516613
4.367157768625143
0.7674582905720413
0.5167962647548695
0.5962544091070107
0.5126588640292797
0.7716419137097039
0.5394187653058655
0.5624152979418812
0.5597769846988471
0.8175701807515081
1.2144621297548568
0.9332382564333553
3.1726131120224257
1.3739761878106869
1.5838875561831987
0.3127655517465349
1.4787470720698472
0.34396072423787166
0.05797188170331896
0.08930000305391717
1.5539056258769717
1.5911408885597056
2.561090111138877
0.7087835633186907
1.1330106749611666
0.46985707196875676
0.7429842182658649
2.4692211953005425
3.5260164365812794
3.178567017797678
0.711062332583922
1.0953135039251773
2.844194386947511
